name: aifootballpredictions_notebooks
channels:
  - conda-forge
  - defaults
dependencies:
  - asttokens=2.4.1=pyhd8ed1ab_0
  - bzip2=1.0.8=h2bbff1b_6
  - ca-certificates=2024.7.4=h56e8100_0
  - colorama=0.4.6=pyhd8ed1ab_0
  - comm=0.2.2=pyhd8ed1ab_0
  - cudatoolkit=11.2.2=h7d7167e_11
  - cudnn=8.1.0.77=h3e0f4f4_0
  - debugpy=1.6.7=py310hd77b12b_0
  - decorator=5.1.1=pyhd8ed1ab_0
  - exceptiongroup=1.2.2=pyhd8ed1ab_0
  - executing=2.0.1=pyhd8ed1ab_0
  - importlib-metadata=8.2.0=pyha770c72_0
  - importlib_metadata=8.2.0=hd8ed1ab_0
  - ipykernel=6.29.5=pyh4bbf305_0
  - ipython=8.26.0=pyh7428d3b_0
  - jedi=0.19.1=pyhd8ed1ab_0
  - jupyter_client=8.6.2=pyhd8ed1ab_0
  - jupyter_core=5.7.2=py310h5588dad_0
  - libffi=3.4.4=hd77b12b_1
  - libsodium=1.0.18=h8d14728_1
  - matplotlib-inline=0.1.7=pyhd8ed1ab_0
  - nest-asyncio=1.6.0=pyhd8ed1ab_0
  - openssl=3.1.0=hcfcfb64_3
  - packaging=24.1=pyhd8ed1ab_0
  - parso=0.8.4=pyhd8ed1ab_0
  - pickleshare=0.7.5=py_1003
  - pip=24.2=py310haa95532_0
  - platformdirs=4.2.2=pyhd8ed1ab_0
  - prompt-toolkit=3.0.47=pyha770c72_0
  - psutil=5.9.0=py310h2bbff1b_0
  - pure_eval=0.2.3=pyhd8ed1ab_0
  - pygments=2.18.0=pyhd8ed1ab_0
  - python=3.10.14=he1021f5_1
  - python_abi=3.10=2_cp310
  - pywin32=305=py310h2bbff1b_0
  - pyzmq=24.0.1=py310hcd737a0_1
  - setuptools=72.1.0=py310haa95532_0
  - six=1.16.0=pyh6c4a22f_0
  - sqlite=3.45.3=h2bbff1b_0
  - stack_data=0.6.2=pyhd8ed1ab_0
  - tk=8.6.14=h0416ee5_0
  - tornado=6.2=py310h8d17308_1
  - traitlets=5.14.3=pyhd8ed1ab_0
  - typing_extensions=4.12.2=pyha770c72_0
  - ucrt=10.0.22621.0=h57928b3_0
  - vc=14.40=h2eaa2aa_0
  - vs2015_runtime=14.40.33807=h98bb1dd_0
  - wcwidth=0.2.13=pyhd8ed1ab_0
  - wheel=0.43.0=py310haa95532_0
  - xz=5.4.6=h8cc25b3_1
  - zeromq=4.3.4=h0e60522_1
  - zipp=3.20.0=pyhd8ed1ab_0
  - zlib=1.2.13=h8cc25b3_1
  - pip:
      - absl-py==2.1.0
      - astunparse==1.6.3
      - cachetools==5.4.0
      - category-encoders==2.6.3
      - certifi==2024.7.4
      - charset-normalizer==3.3.2
      - contourpy==1.2.1
      - cycler==0.12.1
      - flatbuffers==24.3.25
      - fonttools==4.53.1
      - gast==0.4.0
      - google-auth==2.33.0
      - google-auth-oauthlib==0.4.6
      - google-pasta==0.2.0
      - grpcio==1.65.5
      - h5py==3.11.0
      - idna==3.7
      - jinja2==3.1.4
      - joblib==1.4.2
      - keras==2.10.0
      - keras-preprocessing==1.1.2
      - kiwisolver==1.4.5
      - libclang==18.1.1
      - markdown==3.7
      - markupsafe==2.1.5
      - matplotlib==3.9.2
      - mrmr-selection==0.2.8
      - numpy==1.23.5
      - oauthlib==3.2.2
      - opt-einsum==3.3.0
      - pandas==2.2.2
      - patsy==0.5.6
      - pillow==10.4.0
      - polars==1.5.0
      - protobuf==3.19.6
      - pyasn1==0.6.0
      - pyasn1-modules==0.4.0
      - pyparsing==3.1.2
      - python-dateutil==2.9.0.post0
      - pytz==2024.1
      - requests==2.32.3
      - requests-oauthlib==2.0.0
      - rsa==4.9
      - scikit-learn==1.5.1
      - scipy==1.14.0
      - seaborn==0.13.2
      - statsmodels==0.14.2
      - tensorboard==2.10.1
      - tensorboard-data-server==0.6.1
      - tensorboard-plugin-wit==1.8.1
      - tensorflow==2.10.0
      - tensorflow-estimator==2.10.0
      - tensorflow-io-gcs-filesystem==0.31.0
      - termcolor==2.4.0
      - threadpoolctl==3.5.0
      - tqdm==4.66.5
      - tzdata==2024.1
      - urllib3==2.2.2
      - werkzeug==3.0.3
      - wrapt==1.16.0
      - xgboost==2.1.1
